8*x1+0*x2+1*x3+5*x4+3*x5+8*x6=1
1*x1+9*x2+1*x3+4*x4+7*x5+4*x6=6
7*x1+4*x2+1*x3+3*x4+2*x5+6*x6=8
5*x1+5*x2+1*x3+0*x4+9*x5+7*x6=4
0*x1+0*x2+3*x3+9*x4+6*x5+8*x6=2
6*x1+4*x2+0*x3+3*x4+5*x5+7*x6=9

     |8 0 1 5 3 8|       |1|
     |1 9 1 4 7 4|       |6|
   A=|7 4 1 3 2 6|     b=|8|
     |5 5 1 0 9 7|       |4|
-->  |0 0 3 9 6 8|       |2|
     |6 4 0 3 5 7|       |9|

Laplace
                    |8 0 5 3 8|              |8 0 1 3 8|              |8 0 1 5 8|              |8 0 1 5 3|
                    |1 9 4 7 4|              |1 9 1 7 4|              |1 9 1 4 4|              |1 9 1 4 7|
det(A)=3*(-1)^(5+3)*|7 4 3 2 6|+9*(-1)^(5+4)*|7 4 1 2 6|+6*(-1)^(5+5)*|7 4 1 3 6|+8*(-1)^(5+6)*|7 4 1 3 2|=
                    |5 5 0 9 7|              |5 5 1 9 7|              |5 5 1 0 7|              |5 5 1 0 9|
                    |6 4 3 5 7|              |6 4 0 5 7|              |6 4 0 3 7|              |6 4 0 3 5|

                         A1                       A2                       A3                       A4

-->   |8 0 5 3 8|
      |1 9 4 7 4|
   A1=|7 4 3 2 6|
      |5 5 0 9 7|
      |6 4 3 5 7|

                     |9 4 7 4|              |1 9 7 4|              |1 9 4 4|              |1 9 4 7|
det(A1)=8*(-1)^(1+1)*|4 3 2 6|+5*(-1)^(1+3)*|7 4 2 6|+3*(-1)^(1+4)*|7 4 3 6|+8*(-1)^(1+5)*|7 4 3 2|=
                     |5 0 9 7|              |5 5 9 7|              |5 5 0 7|              |5 5 0 9|
                     |4 3 5 7|              |6 4 5 7|              |6 4 3 7|              |6 4 3 5|

                        A11                    A12                    A13                    A14

      |9 4 7 4|
  A11=|4 3 2 6|
-->   |5 0 9 7|
      |4 3 5 7|

                      |4 7 4|              |9 4 4|              |9 4 7|
det(A11)=5*(-1)^(3+1)*|3 2 6|+9*(-1)^(3+3)*|4 3 6|+7*(-1)^(3+4)*|4 3 2|=
                      |3 5 7|              |4 3 7|              |4 3 5|

aplicando Sarrus
det(A11)=5*(-1)^(3+1)*(4*2*7+7*6*3+4*3*5-4*6*5-7*3*7-4*2*3)+9*(-1)^(3+3)*(9*3*7+4*6*4+4*4*3-9*6*3-4*4*7-4*3*4)+7*(-1)^(3+4)*(9*3*5+4*2*4+7*4*3-9*2*3-4*4*5-7*3*4)=
det(A11)=-377


TIEMPO HASTA ESTE PUNTO: 52 MINUTOS

TIEMPO ESTIMADO PARA OBTENER PRIMER DETERMINANTE: 298 MINUTOS

TIEMPO ESTIMADO TOTAL (siete determinantes necesarios): 2086 MINUTOS  (30hs aproximadamente)
