8*x1+0*x2+1*x3+5*x4+3*x5+8*x6=1
1*x1+9*x2+1*x3+4*x4+7*x5+4*x6=6
7*x1+4*x2+1*x3+3*x4+2*x5+6*x6=8
5*x1+5*x2+1*x3+0*x4+9*x5+7*x6=4
0*x1+0*x2+3*x3+9*x4+6*x5+8*x6=2
6*x1+4*x2+0*x3+3*x4+5*x5+7*x6=9

|8 0 1 5 3 8 : 1|
|1 9 1 4 7 4 : 6|
|7 4 1 3 2 6 : 8|
|5 5 1 0 9 7 : 4|
|0 0 3 9 6 8 : 2|
|6 4 0 3 5 7 : 9|

|1,000  0,000  0,125  0,625  0,375  1,000 :  0,125|
|0,000  9,000  0,875  3,375  6,625  3,000 :  5,875|
|0,000  4,000  0,125 -1,375 -0,625 -1,000 :  7,125|
|0,000  5,000  0,375 -3,125  7,125  2,000 :  3,375|
|0,000  0,000  3,000  9,000  6,000  8,000 :  2,000|
|0,000  4,000 -0,750 -0,750  2,750  1,000 :  8,250|

|1,000  0,000  0,125  0,625  0,375  1,000 :  0,125|
|0,000  1,000  0,097  0,375  0,736  0,333 :  0,653|
|0,000  0,000 -0,263 -2,875 -3,569 -2,332 :  4,513|
|0,000  0,000 -0,110 -5,000  3,445  0,335 :  0,110|
|0,000  0,000  3,000  9,000  6,000  8,000 :  2,000|
|0,000  0,000 -1,138 -2,250 -0,194 -0,332 :  5,638|

|1,000   0,000   0,125   0,625   0,375   1,000 :   0,125|
|0,000   1,000   0,097   0,375   0,736   0,333 :   0,653|
|0,000   0,000   1,000  10,932  13,570   8,867 : -17,160|
|0,000   0,000   0,000  -3,797   4,938   1,310 :  -1,778|
|0,000   0,000   0,000 -23,796 -34,710 -18,601 :  53,480|
|0,000   0,000   0,000  10,191  15,249   9,759 : -13,890|

|1,000   0,000   0,125   0,625   0,375   1,000 :   0,125|
|0,000   1,000   0,097   0,375   0,736   0,333 :   0,653|
|0,000   0,000   1,000  10,932  13,570   8,867 : -17,160|
|0,000   0,000   0,000   1,000  -1,301  -0,345 :   0,468|
|0,000   0,000   0,000   0,000 -65,669 -26,811 :  64,617|
|0,000   0,000   0,000   0,000  28,507  13,275 : -18,659|

|1,000   0,000   0,125   0,625   0,375   1,000 :   0,125|
|0,000   1,000   0,097   0,375   0,736   0,333 :   0,653|
|0,000   0,000   1,000  10,932  13,570   8,867 : -17,160|
|0,000   0,000   0,000   1,000  -1,301  -0,345 :   0,468|
|0,000   0,000   0,000   0,000   1,000   0,408 :  -0,984|
|0,000   0,000   0,000   0,000   0,000   1,644 :   9,392|

|1,000   0,000   0,125   0,625   0,375   1,000 :   0,125|
|0,000   1,000   0,097   0,375   0,736   0,333 :   0,653|
|0,000   0,000   1,000  10,932  13,570   8,867 : -17,160|
|0,000   0,000   0,000   1,000  -1,301  -0,345 :   0,468|
|0,000   0,000   0,000   0,000   1,000   0,408 :  -0,984|
|0,000   0,000   0,000   0,000   0,000   1,000 :   5,713|

x6 = 5,713
x5 = -0,984-0,408x6  -->  x5 = -3,315
x4 = 0,468+0,345*x6+1,301*x5  -->  x4 = -1,874
x3 = -17,160-8,867*x6-13,570*x5-10,932*x4  -->  X3 = -2,346
x2 = 0,653-0,333*x6-0,736*x5-0,375*x4-0,097*x3  -->  x2 = 2,121
x1 = 0,125-x6-0,375*x5-0,625*x4-0,125*x3  -->  x1 = -2,880

TIEMPO TOTAL: 72 MINUTOS

Resultados obtenidos por MatLab:
x1 = -2,902
x2 =  2,124
x3 = -2,346
x4 = -1,882
x5 = -3,331
x6 =  5,745

Resultados del metodo de Gauss y el error asociado:
x1 = -2,9018 - e% = 0,758%
x2 =  2,1234 - e% = 0,141%
x3 = -2,3446 - e% = 0,000%
x4 = -1,8819 - e% = 0,425%
x5 = -3,3311 - e% = 0,480%
x6 =  5,7452 - e% = 0,557%
